1015
1018
1022
1031
1033
1045
1047
1082
1129
1151
1156
1161
1166
1172
1176
1177
1185
1198
1215
1223
1235
1268
1279
1304
1310
1315
1337
1338
1340
1344
1345
1353
1359
1360
1374
1384
1410
1462
1481
1501
1521
1557
1581
1598
1637
1678
1699
1707
1715
1719
1740
1750
1779
1796
1857
1873
1875
1903
1914
1918
1958
1960
2007
2044
2046
2077
2078
2100
2128
2133
2137
2138
2147
2155
2169
2185
2191
2226
2259
2260
2261
2280
2285
2307
2316
2318
2371
2383
2426
2436
2472
2506
2518
2573
2575
2589
2606
2608
2632
2640
2673
2694
2725
2732
2751
2758
2761
2773
2793
2808
2826
2833
2837
2842
2863
2871
2883
2893
2902
2904
2912
2928
2934
2942
2953
2981
2986
2993
