1002
1026
1049
1062
1085
1094
1112
1138
1183
1184
1222
1259
1263
1267
1274
1283
1286
1311
1321
1342
1386
1396
1427
1431
1432
1439
1450
1452
1453
1465
1473
1539
1602
1620
1631
1653
1675
1710
1713
1753
1754
1761
1788
1829
1830
1836
1856
1869
1890
1894
1929
1937
1944
1979
2006
2024
2027
2067
2118
2124
2145
2149
2162
2172
2174
2217
2273
2282
2303
2326
2340
2397
2399
2406
2411
2431
2487
2523
2571
2578
2602
2609
2637
2645
2646
2705
2731
2789
2812
2845
2849
2870
2910
2931
2938
2940
2948
2951
2975
2976
2977
2990
