1010
1036
1037
1055
1065
1081
1108
1111
1120
1124
1132
1137
1144
1157
1180
1194
1199
1201
1227
1248
1251
1261
1277
1294
1300
1325
1330
1385
1390
1411
1414
1435
1454
1472
1478
1522
1541
1559
1577
1596
1597
1599
1608
1643
1680
1682
1684
1694
1712
1727
1732
1747
1752
1767
1786
1812
1889
1924
1943
1946
1954
1990
2013
2015
2025
2036
2043
2098
2139
2148
2183
2193
2215
2223
2237
2245
2262
2336
2342
2354
2369
2378
2379
2382
2386
2396
2422
2427
2429
2435
2441
2457
2464
2466
2467
2474
2489
2492
2497
2543
2562
2564
2593
2603
2658
2660
2719
2735
2736
2755
2759
2801
2827
2828
2844
2872
2881
2896
2923
2937
2945
2969
2971
2979
2983
