1005
1013
1019
1044
1061
1068
1071
1079
1102
1110
1113
1117
1126
1155
1159
1167
1202
1230
1281
1317
1319
1324
1361
1372
1404
1412
1437
1445
1448
1458
1500
1502
1514
1530
1543
1572
1576
1578
1586
1587
1591
1604
1611
1645
1658
1693
1705
1724
1733
1737
1739
1763
1764
1807
1818
1839
1846
1854
1884
1885
1886
1898
1922
1925
1942
1967
1980
1999
2000
2022
2028
2091
2119
2121
2189
2190
2194
2218
2219
2266
2289
2325
2334
2350
2356
2360
2364
2366
2388
2392
2401
2405
2415
2455
2494
2500
2501
2507
2526
2552
2566
2572
2598
2623
2649
2651
2709
2715
2757
2763
2766
2807
2816
2830
2846
2850
2855
2859
2868
2869
2874
2875
2877
2898
2899
2906
2907
