1035
1043
1063
1076
1141
1187
1213
1225
1271
1333
1346
1356
1367
1368
1376
1388
1395
1406
1429
1443
1475
1491
1494
1498
1505
1518
1525
1529
1536
1545
1556
1562
1625
1629
1650
1655
1657
1667
1674
1692
1729
1731
1748
1758
1765
1777
1778
1791
1792
1794
1802
1805
1823
1826
1828
1860
1867
1895
1907
1909
1912
1919
1921
1930
1952
1974
1976
2017
2019
2026
2045
2057
2069
2084
2089
2103
2104
2125
2157
2158
2170
2188
2200
2210
2211
2228
2243
2248
2255
2268
2287
2292
2331
2332
2375
2414
2428
2478
2484
2498
2509
2517
2539
2546
2551
2580
2585
2611
2612
2617
2631
2665
2717
2730
2745
2752
2769
2795
2800
2811
2813
2818
2841
2852
2879
2888
2966
