1006
1023
1034
1058
1095
1109
1146
1168
1169
1182
1220
1229
1236
1237
1241
1269
1305
1308
1312
1318
1331
1355
1357
1363
1399
1417
1426
1436
1442
1444
1446
1447
1463
1464
1469
1517
1524
1526
1551
1560
1568
1605
1613
1614
1619
1622
1630
1639
1642
1652
1654
1664
1687
1689
1695
1704
1718
1771
1798
1813
1814
1831
1849
1855
1910
1920
1931
1957
1973
1986
2018
2050
2062
2063
2085
2105
2136
2144
2166
2171
2177
2199
2207
2214
2222
2271
2302
2321
2323
2327
2338
2344
2349
2363
2387
2389
2398
2407
2434
2462
2463
2512
2515
2538
2559
2588
2600
2615
2672
2680
2687
2700
2706
2727
2729
2768
2774
2782
2790
2804
2824
2836
2853
2866
2873
2895
2900
2917
2921
2978
2999
