1077
1080
1083
1088
1089
1101
1105
1148
1189
1193
1205
1243
1253
1284
1288
1292
1295
1323
1327
1329
1336
1366
1379
1380
1416
1433
1480
1492
1493
1496
1509
1523
1538
1544
1546
1582
1600
1615
1635
1656
1659
1673
1685
1698
1702
1760
1790
1793
1799
1804
1810
1811
1837
1838
1841
1850
1865
1868
1932
1935
1949
1983
1992
2011
2014
2041
2042
2047
2052
2056
2086
2088
2115
2142
2150
2159
2186
2195
2204
2212
2224
2241
2253
2254
2277
2290
2296
2317
2410
2417
2433
2470
2479
2491
2505
2513
2521
2524
2531
2532
2586
2619
2620
2639
2661
2666
2684
2689
2721
2724
2742
2765
2770
2779
2783
2792
2803
2806
2815
2822
2834
2901
2914
2944
2992
