1000
1003
1004
1028
1053
1064
1093
1104
1122
1123
1134
1174
1175
1178
1186
1200
1254
1275
1280
1291
1301
1314
1332
1362
1392
1407
1409
1419
1420
1455
1461
1466
1474
1477
1512
1515
1520
1535
1553
1571
1575
1661
1670
1679
1703
1708
1720
1772
1776
1789
1800
1817
1825
1880
1881
1901
1956
1959
1964
1972
2048
2058
2095
2123
2131
2140
2143
2154
2161
2164
2165
2178
2182
2184
2208
2232
2257
2299
2309
2315
2319
2320
2322
2329
2362
2384
2413
2437
2445
2451
2456
2458
2480
2508
2510
2511
2520
2529
2545
2567
2594
2599
2621
2628
2655
2662
2664
2674
2676
2698
2703
2714
2720
2776
2785
2796
2797
2798
2820
2835
2839
2886
2897
2918
2933
2960
2962
2972
2980
