1001
1007
1017
1025
1050
1051
1069
1072
1075
1118
1128
1131
1139
1145
1158
1170
1173
1190
1214
1216
1219
1257
1282
1313
1373
1378
1382
1413
1418
1424
1425
1471
1485
1486
1504
1513
1519
1547
1567
1570
1589
1595
1603
1606
1609
1623
1627
1634
1640
1669
1690
1697
1721
1757
1759
1774
1783
1803
1806
1871
1877
1878
1879
1883
1913
1928
1936
1970
1977
1978
1981
1997
2008
2030
2031
2034
2060
2065
2066
2068
2072
2082
2108
2116
2130
2160
2203
2252
2258
2269
2291
2305
2313
2324
2345
2357
2359
2373
2376
2449
2473
2482
2483
2534
2536
2541
2555
2569
2590
2610
2626
2630
2636
2678
2685
2696
2712
2723
2734
2741
2756
2762
2771
2778
2809
2891
2919
2930
2946
2955
2959
2964
