1008
1009
1011
1027
1056
1067
1114
1142
1147
1153
1154
1207
1217
1231
1239
1244
1246
1272
1303
1307
1320
1387
1397
1405
1423
1460
1489
1490
1516
1542
1561
1573
1574
1579
1585
1612
1618
1626
1638
1644
1662
1688
1716
1738
1742
1755
1768
1769
1780
1832
1842
1845
1859
1899
1905
1916
1927
1945
1955
1966
1971
2009
2021
2038
2080
2127
2132
2135
2146
2173
2179
2192
2201
2229
2238
2240
2244
2265
2312
2314
2330
2339
2351
2353
2370
2395
2425
2439
2443
2460
2461
2468
2486
2516
2547
2557
2558
2576
2583
2605
2614
2618
2624
2625
2627
2629
2635
2683
2692
2733
2737
2747
2780
2805
2825
2831
2854
2860
2861
2864
2867
2889
2890
2903
2920
2925
2929
2967
2985
