1021
1030
1057
1074
1096
1107
1119
1121
1165
1203
1208
1211
1226
1232
1249
1262
1270
1309
1335
1348
1351
1352
1364
1389
1393
1441
1449
1527
1540
1549
1552
1594
1601
1610
1617
1672
1681
1683
1706
1709
1728
1751
1770
1781
1784
1808
1864
1893
1923
1926
1947
1950
1962
1996
1998
2010
2016
2032
2035
2053
2055
2073
2076
2081
2093
2107
2109
2141
2175
2176
2220
2221
2227
2230
2246
2247
2251
2264
2275
2284
2295
2297
2348
2367
2385
2394
2403
2412
2432
2481
2485
2488
2514
2530
2553
2563
2591
2592
2596
2613
2634
2650
2670
2671
2675
2679
2681
2682
2686
2738
2740
2749
2764
2802
2814
2838
2851
2880
2927
2941
2952
2987
2997
