1012
1038
1040
1091
1097
1125
1133
1136
1140
1152
1204
1210
1224
1245
1247
1264
1273
1278
1290
1298
1316
1341
1377
1398
1403
1422
1468
1482
1483
1495
1503
1510
1511
1533
1558
1584
1590
1686
1723
1726
1736
1745
1756
1795
1844
1847
1851
1852
1861
1870
1876
1882
1891
1917
1939
1948
1965
1987
2002
2023
2029
2033
2051
2064
2096
2101
2113
2122
2167
2180
2202
2205
2231
2233
2234
2263
2300
2306
2310
2346
2368
2380
2393
2408
2424
2453
2465
2476
2495
2502
2527
2548
2582
2653
2654
2657
2697
2699
2701
2704
2708
2713
2748
2750
2754
2772
2781
2784
2799
2819
2821
2823
2857
2884
2908
2939
2943
2949
2950
2961
2963
2974
2982
2989
2996
