1014
1032
1078
1098
1116
1127
1135
1150
1197
1206
1209
1258
1293
1302
1326
1334
1343
1358
1365
1375
1383
1394
1402
1415
1421
1438
1451
1487
1499
1531
1565
1580
1593
1624
1691
1701
1711
1717
1725
1743
1744
1775
1797
1815
1820
1824
1834
1848
1858
1900
1908
1940
1941
1975
1982
1985
1993
1994
2039
2049
2071
2074
2083
2087
2111
2114
2117
2134
2153
2156
2168
2181
2196
2213
2225
2236
2250
2270
2274
2279
2286
2298
2337
2347
2374
2377
2391
2402
2418
2420
2423
2430
2440
2447
2452
2469
2490
2493
2504
2519
2525
2542
2550
2565
2647
2656
2659
2669
2677
2722
2728
2746
2767
2791
2810
2829
2840
2848
2856
2882
2885
2913
2915
2936
2984
2991
2995
