1039
1046
1070
1073
1084
1090
1092
1103
1130
1143
1163
1171
1188
1191
1218
1228
1233
1234
1238
1240
1252
1255
1260
1265
1287
1289
1297
1299
1322
1328
1349
1369
1381
1391
1400
1440
1467
1479
1497
1507
1534
1548
1555
1588
1607
1616
1641
1646
1648
1660
1663
1671
1676
1677
1696
1722
1730
1734
1735
1785
1787
1821
1822
1833
1843
1872
1892
1902
1911
1915
1934
1938
1951
1984
1989
2070
2075
2079
2092
2097
2102
2112
2152
2209
2216
2235
2276
2288
2293
2328
2335
2341
2343
2358
2361
2365
2400
2448
2459
2475
2477
2496
2503
2537
2577
2616
2643
2652
2668
2688
2690
2693
2695
2702
2707
2716
2777
2788
2832
2858
2876
2878
2905
2909
2922
2924
2926
2935
2956
2958
