1024
1029
1041
1042
1048
1054
1059
1066
1099
1100
1164
1179
1181
1195
1242
1266
1285
1350
1428
1430
1434
1456
1457
1470
1484
1488
1506
1528
1554
1592
1621
1633
1651
1666
1668
1714
1762
1773
1782
1819
1835
1862
1863
1887
1888
1897
1906
1961
1988
1995
2001
2020
2037
2059
2061
2163
2197
2206
2242
2256
2272
2294
2304
2308
2311
2333
2381
2390
2409
2416
2444
2471
2499
2528
2533
2535
2540
2554
2556
2560
2568
2570
2574
2581
2587
2595
2597
2601
2604
2638
2642
2644
2663
2667
2711
2718
2726
2753
2760
2775
2794
2843
2847
2862
2865
2892
2911
2932
2947
2954
2968
2970
2973
2988
2998
