1016
1020
1052
1060
1086
1087
1106
1115
1149
1160
1162
1192
1196
1212
1221
1250
1256
1276
1296
1306
1339
1347
1354
1370
1371
1401
1408
1459
1476
1508
1532
1537
1550
1563
1564
1566
1569
1583
1628
1632
1636
1647
1649
1665
1700
1741
1746
1749
1766
1801
1809
1816
1827
1840
1853
1866
1874
1896
1904
1933
1953
1963
1968
1969
1991
2003
2004
2005
2012
2040
2054
2090
2094
2099
2106
2110
2120
2126
2129
2151
2187
2198
2239
2249
2267
2278
2281
2283
2301
2352
2355
2372
2404
2419
2421
2438
2442
2446
2450
2454
2522
2544
2549
2561
2579
2584
2607
2622
2633
2641
2648
2691
2710
2739
2743
2744
2786
2787
2817
2887
2894
2916
2957
2965
2994
